solid OpenSCAD_Model
  facet normal -1 0 0
    outer loop
      vertex -15.5 -15.5 -1.5
      vertex -15.5 -15.5 1.5
      vertex -15.5 15.5 -1.5
    endloop
  endfacet
  facet normal -1 0 0
    outer loop
      vertex -15.5 15.5 -1.5
      vertex -15.5 -15.5 1.5
      vertex -15.5 15.5 1.5
    endloop
  endfacet
  facet normal 0 -1 0
    outer loop
      vertex -15.5 -15.5 1.5
      vertex -15.5 -15.5 -1.5
      vertex 15.5 -15.5 -1.5
    endloop
  endfacet
  facet normal 0 -1 0
    outer loop
      vertex 15.5 -15.5 1.5
      vertex -15.5 -15.5 1.5
      vertex 15.5 -15.5 -1.5
    endloop
  endfacet
  facet normal 0 0 -1
    outer loop
      vertex -15.5 -15.5 -1.5
      vertex -15.5 15.5 -1.5
      vertex 15.5 -15.5 -1.5
    endloop
  endfacet
  facet normal 0 0 -1
    outer loop
      vertex 15.5 -15.5 -1.5
      vertex -15.5 15.5 -1.5
      vertex 15.5 15.5 -1.5
    endloop
  endfacet
  facet normal 0 1 0
    outer loop
      vertex -15.5 15.5 -1.5
      vertex -15.5 15.5 1.5
      vertex 15.5 15.5 -1.5
    endloop
  endfacet
  facet normal 0 1 0
    outer loop
      vertex 15.5 15.5 -1.5
      vertex -15.5 15.5 1.5
      vertex 15.5 15.5 1.5
    endloop
  endfacet
  facet normal 0 0 1
    outer loop
      vertex -1.8 -6.5 1.5
      vertex -15.5 -15.5 1.5
      vertex 15.5 -15.5 1.5
    endloop
  endfacet
  facet normal 0 0 1
    outer loop
      vertex -1.8 1.8 1.5
      vertex -15.5 15.5 1.5
      vertex -6.5 1.8 1.5
    endloop
  endfacet
  facet normal 0 0 1
    outer loop
      vertex -1.8 -6.5 1.5
      vertex -1.8 -1.8 1.5
      vertex -6.5 -1.8 1.5
    endloop
  endfacet
  facet normal 0 0 1
    outer loop
      vertex -15.5 15.5 1.5
      vertex -15.5 -15.5 1.5
      vertex -6.5 -1.8 1.5
    endloop
  endfacet
  facet normal 0 0 1
    outer loop
      vertex -15.5 15.5 1.5
      vertex -6.5 -1.8 1.5
      vertex -6.5 1.8 1.5
    endloop
  endfacet
  facet normal 0 0 1
    outer loop
      vertex -1.8 6.5 1.5
      vertex -15.5 15.5 1.5
      vertex -1.8 1.8 1.5
    endloop
  endfacet
  facet normal 0 0 1
    outer loop
      vertex 15.5 15.5 1.5
      vertex -15.5 15.5 1.5
      vertex -1.8 6.5 1.5
    endloop
  endfacet
  facet normal 0 0 1
    outer loop
      vertex 6.5 -1.8 1.5
      vertex 1.8 -1.8 1.5
      vertex 15.5 -15.5 1.5
    endloop
  endfacet
  facet normal 0 0 1
    outer loop
      vertex 15.5 15.5 1.5
      vertex -1.8 6.5 1.5
      vertex 1.8 6.5 1.5
    endloop
  endfacet
  facet normal 0 0 1
    outer loop
      vertex 1.8 -1.8 1.5
      vertex 1.8 -6.5 1.5
      vertex 15.5 -15.5 1.5
    endloop
  endfacet
  facet normal 0 0 1
    outer loop
      vertex 15.5 15.5 1.5
      vertex 6.5 1.8 1.5
      vertex 15.5 -15.5 1.5
    endloop
  endfacet
  facet normal 0 0 1
    outer loop
      vertex 15.5 15.5 1.5
      vertex 1.8 1.8 1.5
      vertex 6.5 1.8 1.5
    endloop
  endfacet
  facet normal 0 0 1
    outer loop
      vertex 6.5 1.8 1.5
      vertex 6.5 -1.8 1.5
      vertex 15.5 -15.5 1.5
    endloop
  endfacet
  facet normal 0 0 1
    outer loop
      vertex 1.8 6.5 1.5
      vertex 1.8 1.8 1.5
      vertex 15.5 15.5 1.5
    endloop
  endfacet
  facet normal 0 0 1
    outer loop
      vertex -6.5 -1.8 1.5
      vertex -15.5 -15.5 1.5
      vertex -1.8 -6.5 1.5
    endloop
  endfacet
  facet normal 0 0 1
    outer loop
      vertex 1.8 -6.5 1.5
      vertex -1.8 -6.5 1.5
      vertex 15.5 -15.5 1.5
    endloop
  endfacet
  facet normal 1 0 0
    outer loop
      vertex 15.5 -15.5 1.5
      vertex 15.5 -15.5 -1.5
      vertex 15.5 15.5 -1.5
    endloop
  endfacet
  facet normal 1 0 0
    outer loop
      vertex 15.5 15.5 1.5
      vertex 15.5 -15.5 1.5
      vertex 15.5 15.5 -1.5
    endloop
  endfacet
  facet normal -1 0 0
    outer loop
      vertex -6.5 -1.8 1.5
      vertex -6.5 -1.8 6.7
      vertex -6.5 1.8 1.5
    endloop
  endfacet
  facet normal -1 0 0
    outer loop
      vertex -6.5 1.8 1.5
      vertex -6.5 -1.8 6.7
      vertex -6.5 1.8 6.7
    endloop
  endfacet
  facet normal 0 -1 0
    outer loop
      vertex -6.5 -1.8 6.7
      vertex -6.5 -1.8 1.5
      vertex -1.8 -1.8 1.5
    endloop
  endfacet
  facet normal 0 -1 0
    outer loop
      vertex -1.8 -1.8 6.7
      vertex -6.5 -1.8 6.7
      vertex -1.8 -1.8 1.5
    endloop
  endfacet
  facet normal -1 0 0
    outer loop
      vertex -1.8 -6.5 1.5
      vertex -1.8 -6.5 6.7
      vertex -1.8 -1.8 1.5
    endloop
  endfacet
  facet normal -1 0 0
    outer loop
      vertex -1.8 -1.8 1.5
      vertex -1.8 -6.5 6.7
      vertex -1.8 -1.8 6.7
    endloop
  endfacet
  facet normal 0 -1 0
    outer loop
      vertex -1.8 -6.5 6.7
      vertex -1.8 -6.5 1.5
      vertex 1.8 -6.5 1.5
    endloop
  endfacet
  facet normal 0 -1 0
    outer loop
      vertex 1.8 -6.5 6.7
      vertex -1.8 -6.5 6.7
      vertex 1.8 -6.5 1.5
    endloop
  endfacet
  facet normal 1 0 0
    outer loop
      vertex 1.8 -6.5 6.7
      vertex 1.8 -6.5 1.5
      vertex 1.8 -1.8 1.5
    endloop
  endfacet
  facet normal 1 0 0
    outer loop
      vertex 1.8 -1.8 6.7
      vertex 1.8 -6.5 6.7
      vertex 1.8 -1.8 1.5
    endloop
  endfacet
  facet normal 0 -1 0
    outer loop
      vertex 1.8 -1.8 6.7
      vertex 1.8 -1.8 1.5
      vertex 6.5 -1.8 1.5
    endloop
  endfacet
  facet normal 0 -1 0
    outer loop
      vertex 6.5 -1.8 6.7
      vertex 1.8 -1.8 6.7
      vertex 6.5 -1.8 1.5
    endloop
  endfacet
  facet normal 1 0 0
    outer loop
      vertex 6.5 -1.8 6.7
      vertex 6.5 -1.8 1.5
      vertex 6.5 1.8 1.5
    endloop
  endfacet
  facet normal 1 0 0
    outer loop
      vertex 6.5 1.8 6.7
      vertex 6.5 -1.8 6.7
      vertex 6.5 1.8 1.5
    endloop
  endfacet
  facet normal 0 1 0
    outer loop
      vertex 1.8 1.8 1.5
      vertex 1.8 1.8 6.7
      vertex 6.5 1.8 1.5
    endloop
  endfacet
  facet normal 0 1 0
    outer loop
      vertex 6.5 1.8 1.5
      vertex 1.8 1.8 6.7
      vertex 6.5 1.8 6.7
    endloop
  endfacet
  facet normal 1 0 0
    outer loop
      vertex 1.8 1.8 6.7
      vertex 1.8 1.8 1.5
      vertex 1.8 6.5 1.5
    endloop
  endfacet
  facet normal 1 0 0
    outer loop
      vertex 1.8 6.5 6.7
      vertex 1.8 1.8 6.7
      vertex 1.8 6.5 1.5
    endloop
  endfacet
  facet normal 0 1 0
    outer loop
      vertex -1.8 6.5 1.5
      vertex -1.8 6.5 6.7
      vertex 1.8 6.5 1.5
    endloop
  endfacet
  facet normal 0 1 0
    outer loop
      vertex 1.8 6.5 1.5
      vertex -1.8 6.5 6.7
      vertex 1.8 6.5 6.7
    endloop
  endfacet
  facet normal -1 0 0
    outer loop
      vertex -1.8 1.8 1.5
      vertex -1.8 1.8 6.7
      vertex -1.8 6.5 1.5
    endloop
  endfacet
  facet normal -1 0 0
    outer loop
      vertex -1.8 6.5 1.5
      vertex -1.8 1.8 6.7
      vertex -1.8 6.5 6.7
    endloop
  endfacet
  facet normal 0 1 0
    outer loop
      vertex -6.5 1.8 1.5
      vertex -6.5 1.8 6.7
      vertex -1.8 1.8 1.5
    endloop
  endfacet
  facet normal 0 1 0
    outer loop
      vertex -1.8 1.8 1.5
      vertex -6.5 1.8 6.7
      vertex -1.8 1.8 6.7
    endloop
  endfacet
  facet normal 0 0 1
    outer loop
      vertex -6.5 1.8 6.7
      vertex -6.5 -1.8 6.7
      vertex -1.8 -1.8 6.7
    endloop
  endfacet
  facet normal 0 0 1
    outer loop
      vertex 1.8 -1.8 6.7
      vertex -6.5 1.8 6.7
      vertex -1.8 -1.8 6.7
    endloop
  endfacet
  facet normal 0 0 1
    outer loop
      vertex -1.8 -6.5 6.7
      vertex 1.8 -6.5 6.7
      vertex -1.8 -1.8 6.7
    endloop
  endfacet
  facet normal 0 0 1
    outer loop
      vertex 1.8 -6.5 6.7
      vertex 1.8 -1.8 6.7
      vertex -1.8 -1.8 6.7
    endloop
  endfacet
  facet normal 0 0 1
    outer loop
      vertex 1.8 -1.8 6.7
      vertex 6.5 -1.8 6.7
      vertex -6.5 1.8 6.7
    endloop
  endfacet
  facet normal 0 0 1
    outer loop
      vertex 6.5 -1.8 6.7
      vertex 1.8 1.8 6.7
      vertex -1.8 1.8 6.7
    endloop
  endfacet
  facet normal 0 0 1
    outer loop
      vertex 6.5 -1.8 6.7
      vertex 6.5 1.8 6.7
      vertex 1.8 1.8 6.7
    endloop
  endfacet
  facet normal 0 0 1
    outer loop
      vertex 6.5 -1.8 6.7
      vertex -1.8 1.8 6.7
      vertex -6.5 1.8 6.7
    endloop
  endfacet
  facet normal 0 0 1
    outer loop
      vertex 1.8 1.8 6.7
      vertex 1.8 6.5 6.7
      vertex -1.8 1.8 6.7
    endloop
  endfacet
  facet normal 0 0 1
    outer loop
      vertex -1.8 6.5 6.7
      vertex -1.8 1.8 6.7
      vertex 1.8 6.5 6.7
    endloop
  endfacet
endsolid OpenSCAD_Model
